[  1.16972557e-03   2.61529432e-04   9.59485229e-01   1.61964803e-02
   1.79696747e-02   4.54598198e-04   3.30533818e-04   4.13222944e-03]
[  1.00034574e-03   4.34644861e-04   9.50480185e-03   6.60380934e-04
   8.82193730e-04   1.07605227e-03   8.49803192e-04   1.26004318e-03
   3.18138587e-04   8.24254563e-04   9.83189341e-01]
[ 0.11276223  0.64532038  0.12722575  0.11469165]


0.15169614529
[  4.24387267e-03   5.54746018e-05   9.37858376e-01   3.54969621e-02
   1.82697963e-02   2.01640133e-03   3.48505473e-04   1.71061191e-03]
[  1.39876001e-03   4.40051351e-04   8.71907502e-03   7.84281144e-04
   5.47389869e-04   9.66427480e-04   1.09527739e-03   1.12672674e-03
   1.92052777e-04   6.04552591e-04   9.84125406e-01]
[ 0.11276588  0.64530996  0.12722849  0.11469566]


0.145898913681
[  9.70410076e-04   9.74108051e-05   9.38004280e-01   2.63496853e-02
   2.88964987e-02   1.39320494e-03   2.83206288e-04   4.00530432e-03]
[  1.14039096e-03   3.29330478e-04   1.02579859e-02   6.93189101e-04
   8.07952346e-04   9.63062556e-04   8.01723178e-04   1.08970234e-03
   3.26669580e-04   7.06442065e-04   9.82883552e-01]
[ 0.11277371  0.64532955  0.12721353  0.11468321]


0.146335541308
[  7.02435243e-04   1.64276703e-04   9.59485229e-01   2.23525552e-02
   1.04656680e-02   9.75794693e-04   1.75659090e-04   5.67838257e-03]
[  9.10624550e-04   3.43012746e-04   9.17651114e-03   6.66836839e-04
   6.63417249e-04   1.50672103e-03   7.66647416e-04   7.41833245e-04
   2.53585606e-04   6.12777181e-04   9.84358033e-01]
[ 0.11277884  0.64532058  0.12721683  0.11468375]


0.150421038316
[  8.18233364e-04   1.75195143e-03   9.59485229e-01   9.13509630e-03
   2.39089148e-02   1.68159755e-03   2.19462288e-04   2.99951576e-03]
[  1.04919929e-03   4.44901013e-04   1.04444585e-02   5.40607828e-04
   7.10158947e-04   1.07374716e-03   7.35503930e-04   9.91664933e-04
   3.73650394e-04   8.54042807e-04   9.82782065e-01]
[ 0.11276496  0.64531068  0.1272387   0.11468566]


0.149069184651
[  5.11944826e-04   1.20172888e-04   9.59485229e-01   6.36050386e-03
   2.66538180e-02   5.00485352e-03   5.91432931e-05   1.80433511e-03]
[  8.90681186e-04   2.40687461e-04   9.86160230e-03   8.94729052e-04
   6.74043345e-04   8.08962492e-04   7.95302762e-04   8.14935305e-04
   1.84911765e-04   1.30575216e-03   9.83528392e-01]
[ 0.11276171  0.64532453  0.12722396  0.11468979]


0.145578787169
[  8.89291208e-04   1.00772216e-04   9.38193338e-01   1.19174219e-02
   3.72299987e-02   1.80668550e-03   2.41258112e-04   9.62123419e-03]
[  7.95217943e-04   6.23791978e-04   1.00534523e-02   6.23889525e-04
   7.84607237e-04   1.40132462e-03   9.30892731e-04   9.12317885e-04
   3.54378479e-04   6.30198264e-04   9.82889929e-01]
[ 0.11276148  0.64531944  0.12721754  0.11470155]


0.146761700097
[  4.05543575e-04   1.10107790e-04   9.59485229e-01   1.86162067e-02
   9.86996570e-03   1.40172889e-03   5.29716567e-05   1.00582472e-02]
[  1.10937712e-03   6.30592836e-04   9.83715851e-03   4.54979405e-04
   1.20572839e-03   1.08820815e-03   9.48468550e-04   8.76007117e-04
   1.31052597e-04   9.27658211e-04   9.82790769e-01]
[ 0.11277376  0.64530942  0.12723071  0.1146861 ]


0.145313406202
[  9.58231341e-04   1.47369045e-04   9.59485229e-01   9.46275761e-03
   1.85434581e-02   1.76778147e-03   1.31894964e-04   9.50327895e-03]
[  1.46672069e-03   3.76043394e-04   1.05109108e-02   4.85166139e-04
   5.61489783e-04   1.03521451e-03   9.30645644e-04   1.08644326e-03
   1.93132558e-04   8.22014302e-04   9.82532219e-01]
[ 0.11276935  0.64532495  0.12721914  0.11468656]


0.149920044944
[  6.34852737e-04   1.60020421e-04   9.38170218e-01   2.26963327e-02
   3.07200700e-02   9.68757161e-04   2.60168217e-04   6.38958037e-03]
[  1.12431200e-03   8.20914011e-04   8.60013178e-03   7.70979444e-04
   8.02191512e-04   9.88858348e-04   9.79119432e-04   8.52094101e-04
   3.43934801e-04   5.69801866e-04   9.84147663e-01]
[ 0.11276648  0.64531354  0.1272174   0.11470258]


0.143707789147
