[  9.61120786e-01   2.29459771e-02   8.47071577e-03   3.61800120e-05
   7.42634064e-03]
[ 0.00373602  0.00152575  0.00348625  0.00260248  0.98864949]
[ 0.17360907  0.01853824  0.63469583  0.09581533  0.07734153]


0.120623154904
[  9.39867964e-01   1.96554094e-02   1.50807665e-02   3.41933394e-05
   2.53616662e-02]
[ 0.00398817  0.00131014  0.0026997   0.00302511  0.98897688]
[ 0.17361351  0.0185262   0.63470735  0.095811    0.07734193]


0.116899067234
[  9.41655466e-01   4.26948177e-02   1.10841100e-02   3.51404214e-05
   4.53046615e-03]
[ 0.00403485  0.00144405  0.00340224  0.0028267   0.98829215]
[ 0.17358351  0.01852638  0.63469646  0.0958507   0.07734295]


0.117677132733
[  9.61120786e-01   1.69584352e-02   1.24633478e-02   3.13341469e-05
   9.42609637e-03]
[ 0.00344992  0.00109096  0.00314822  0.00320874  0.98910216]
[ 0.17359725  0.01853808  0.63470206  0.09582008  0.07734253]


0.119270877491
[  9.61120786e-01   2.17381932e-02   1.15449123e-02   3.61543178e-05
   5.55995371e-03]
[  4.53448838e-03   9.17709023e-04   2.80811128e-03   2.69475840e-03
   9.89044933e-01]
[ 0.17358999  0.01852486  0.6346967   0.09584538  0.07734307]


0.124831055747
[  9.61120786e-01   1.68279997e-02   1.26086874e-02   2.68816753e-05
   9.41564476e-03]
[ 0.0035489   0.00118225  0.00350684  0.00259104  0.98917096]
[ 0.17361255  0.0185386   0.63469252  0.09581443  0.0773419 ]


0.121087260935
[  9.61120786e-01   1.97205045e-02   1.40919047e-02   3.29086591e-05
   5.03389569e-03]
[ 0.00364544  0.00101929  0.00328225  0.00308274  0.98897029]
[ 0.17359079  0.01854456  0.63469665  0.09582499  0.07734302]


0.118936030375
[  9.38925718e-01   2.78406579e-02   2.98657512e-02   3.69066890e-05
   3.33096640e-03]
[ 0.00404237  0.00115656  0.00327207  0.00317398  0.98835502]
[ 0.1736085   0.01851329  0.63470839  0.09582736  0.07734246]


0.12284478018
[  9.61120786e-01   2.19244732e-02   7.49232080e-03   4.87010065e-05
   9.41371848e-03]
[ 0.00387715  0.00111265  0.0035952   0.00294247  0.98847254]
[ 0.17362243  0.01853877  0.63467982  0.09581792  0.07734105]


0.118130419455
[  9.38025848e-01   2.86787233e-02   2.93479245e-02   6.42793306e-05
   3.88322520e-03]
[ 0.00503226  0.0011772   0.00225911  0.00303075  0.98850069]
[ 0.17359643  0.01855768  0.63468585  0.09581654  0.0773435 ]


0.122043468149
