[15, 64, 125, "0.7", 300, 1, 8, 16]
[10, 256, 50, "0.7", 500, 1, 4, 16]
[10, 128, 100, "0.9", 1000, 3, 1, 12]
[20, 64, 100, "0.5", 1000, 1, 8, 12]
[5, 64, 100, "0.6", 800, 4, 1, 16]
[10, 128, 125, "0.8", 1000, 2, 6, 12]
[5, 192, 75, "0.7", 300, 2, 2, -1]
[10, 64, 75, "0.7", 700, 2, 4, 4]
[25, 64, 150, "0.8", 1000, 1, 1, -1]
[25, 64, 50, "0.5", 1000, 2, 7, -1]
[15, 64, 75, "0.6", 700, 1, 8, 8]
[25, 256, 100, "0.9", 900, 2, 7, -1]
[5, 64, 125, "0.7", 500, 1, 2, -1]
[25, 192, 100, "0.8", 300, 3, 8, 4]
[25, 64, 100, "0.8", 500, 2, 7, 8]
[15, 192, 75, "0.5", 200, 2, 3, 4]
[15, 192, 100, "0.6", 300, 2, 5, 12]
[10, 64, 50, "0.7", 800, 4, 6, -1]
[15, 128, 100, "0.6", 600, 2, 8, 16]
[10, 256, 125, "0.9", 300, 2, 7, 12]
[10, 64, 50, "0.8", 800, 3, 3, -1]
[15, 64, 75, "0.5", 900, 2, 3, -1]
[20, 128, 75, "0.7", 800, 3, 5, 12]
[25, 64, 50, "0.6", 400, 1, 3, 12]
[25, 192, 50, "0.6", 400, 1, 4, 4]
[25, 192, 75, "0.6", 200, 2, 8, 8]
[15, 64, 125, "0.6", 400, 2, 7, 16]
[25, 64, 150, "0.8", 200, 1, 1, 4]
[5, 64, 125, "0.5", 1000, 1, 2, -1]
[10, 256, 75, "0.5", 800, 3, 7, 8]
[15, 192, 50, "0.8", 1000, 4, 2, 8]
[15, 192, 150, "0.8", 700, 1, 7, -1]
[10, 128, 75, "0.7", 800, 3, 5, 12]
[20, 128, 150, "0.6", 300, 4, 8, 8]
[25, 128, 100, "0.9", 300, 2, 5, 16]
[10, 64, 150, "0.9", 400, 2, 1, 4]
[25, 256, 75, "0.7", 1000, 1, 1, 12]
[15, 256, 50, "0.5", 500, 3, 4, -1]
[10, 128, 125, "0.9", 300, 1, 2, -1]
[15, 256, 125, "0.6", 600, 1, 8, 12]
[20, 64, 100, "0.6", 600, 2, 3, 12]
[5, 128, 100, "0.6", 900, 3, 6, 12]
[25, 64, 75, "0.6", 600, 4, 8, 16]
[25, 64, 75, "0.8", 1000, 1, 7, -1]
[5, 256, 150, "0.5", 400, 2, 7, 12]
[15, 256, 100, "0.7", 1000, 4, 8, 16]
[15, 192, 50, "0.8", 1000, 1, 6, 12]
[25, 128, 50, "0.7", 600, 4, 1, 8]
[15, 128, 75, "0.9", 200, 3, 2, 4]
[25, 128, 125, "0.9", 700, 4, 2, 16]
[20, 256, 100, "0.7", 900, 3, 1, 12]
[5, 128, 100, "0.9", 700, 2, 6, 8]
[10, 192, 150, "0.9", 500, 1, 4, 16]
[15, 256, 125, "0.7", 400, 4, 5, 16]
[5, 128, 75, "0.7", 800, 2, 8, 4]
[5, 128, 75, "0.8", 1000, 4, 7, 4]
[15, 128, 100, "0.7", 600, 3, 2, -1]
[25, 192, 100, "0.9", 400, 1, 1, 12]
[10, 192, 100, "0.8", 300, 2, 7, 12]
[15, 192, 100, "0.7", 400, 3, 3, -1]
[25, 256, 50, "0.7", 600, 3, 6, 8]
[20, 128, 50, "0.7", 1000, 1, 1, 16]
[20, 128, 100, "0.5", 800, 1, 5, 8]
[25, 128, 50, "0.9", 700, 1, 1, -1]
[15, 64, 75, "0.9", 300, 4, 8, 12]
[20, 128, 50, "0.9", 800, 1, 5, 12]
[10, 64, 150, "0.6", 400, 4, 5, -1]
[20, 256, 100, "0.6", 500, 2, 8, 8]
[10, 64, 100, "0.7", 200, 2, 5, 16]
[20, 256, 125, "0.7", 500, 3, 5, 16]
[10, 192, 75, "0.9", 800, 1, 2, 4]
[15, 192, 100, "0.8", 300, 2, 6, 4]
[20, 256, 125, "0.8", 600, 3, 8, 8]
[25, 64, 150, "0.9", 400, 4, 4, 4]
[10, 128, 150, "0.7", 1000, 4, 5, 12]
[25, 128, 100, "0.8", 600, 2, 2, 16]
[15, 256, 125, "0.9", 800, 4, 6, 12]
[10, 192, 50, "0.8", 800, 3, 8, -1]
[5, 256, 50, "0.8", 500, 3, 4, 4]
[20, 192, 50, "0.9", 1000, 2, 2, -1]
[10, 256, 50, "0.6", 1000, 4, 3, 12]
[15, 64, 125, "0.9", 300, 1, 5, 16]
[20, 64, 75, "0.7", 300, 1, 7, 16]
[20, 192, 125, "0.8", 200, 1, 1, 16]
[15, 192, 100, "0.5", 300, 4, 5, 12]
[10, 64, 100, "0.9", 600, 4, 2, 4]
[5, 192, 75, "0.5", 400, 4, 7, 8]
[15, 192, 100, "0.9", 1000, 2, 2, 8]
[10, 192, 100, "0.9", 200, 3, 7, 16]
[5, 128, 75, "0.5", 600, 1, 5, 16]
[25, 256, 150, "0.7", 200, 4, 7, 12]
[25, 64, 100, "0.9", 300, 2, 5, 8]
[25, 192, 75, "0.5", 800, 3, 8, 4]
[10, 128, 75, "0.9", 900, 4, 8, 4]
[20, 256, 150, "0.7", 500, 4, 2, -1]
[10, 64, 150, "0.9", 500, 2, 4, 8]
[10, 256, 50, "0.5", 1000, 2, 8, 12]
[10, 64, 75, "0.7", 1000, 3, 8, 4]
[15, 128, 150, "0.6", 300, 1, 4, 12]
[5, 256, 100, "0.9", 300, 2, 3, 12]
[15, 128, 50, "0.6", 1000, 2, 7, 12]
[5, 256, 75, "0.5", 300, 4, 7, -1]
[15, 64, 150, "0.5", 600, 1, 1, 16]
[25, 192, 50, "0.7", 500, 2, 3, 8]
[25, 192, 125, "0.5", 500, 1, 5, 16]
[25, 64, 150, "0.5", 600, 2, 8, 12]
[10, 64, 75, "0.9", 300, 2, 6, 8]
[20, 64, 125, "0.5", 900, 4, 8, 16]
[15, 64, 125, "0.6", 1000, 3, 7, 4]
[10, 64, 125, "0.8", 600, 2, 7, 8]
[20, 64, 50, "0.7", 700, 2, 1, 4]
[15, 256, 125, "0.9", 900, 2, 1, 8]
[5, 192, 75, "0.5", 400, 1, 3, 16]
[5, 128, 50, "0.8", 400, 3, 2, 8]
[15, 192, 100, "0.8", 600, 2, 6, 8]
[20, 256, 100, "0.6", 700, 1, 6, -1]
[20, 256, 50, "0.7", 500, 2, 7, 12]
[15, 256, 150, "0.5", 700, 1, 8, 8]
[25, 256, 150, "0.7", 800, 1, 3, 12]
[25, 128, 100, "0.6", 600, 3, 4, 4]
[15, 256, 50, "0.9", 500, 2, 4, -1]
[10, 64, 50, "0.6", 300, 1, 5, 4]
[15, 256, 150, "0.6", 200, 4, 3, 12]
[15, 64, 100, "0.8", 1000, 4, 4, 4]
[10, 128, 125, "0.8", 1000, 4, 6, 4]
[15, 128, 100, "0.6", 400, 2, 6, 16]
[15, 128, 125, "0.9", 800, 4, 7, -1]
[5, 64, 125, "0.9", 200, 1, 2, 8]
[15, 256, 125, "0.5", 800, 4, 3, 8]
[10, 192, 150, "0.5", 400, 2, 2, 4]
[15, 192, 100, "0.8", 800, 4, 7, 12]
[10, 64, 150, "0.8", 900, 2, 6, 4]
[20, 64, 150, "0.7", 200, 1, 8, 16]
[20, 128, 75, "0.7", 500, 4, 6, 4]
[10, 128, 150, "0.8", 600, 4, 7, 16]
[25, 256, 150, "0.7", 700, 2, 4, 12]
[25, 192, 100, "0.6", 300, 3, 5, 8]
[15, 256, 50, "0.7", 400, 2, 2, 8]
[10, 192, 125, "0.9", 900, 1, 1, 16]
[20, 128, 75, "0.9", 600, 2, 5, 8]
[15, 192, 75, "0.8", 600, 4, 5, 12]
[10, 64, 100, "0.6", 500, 1, 7, 8]
[20, 256, 150, "0.6", 800, 2, 6, 4]
[10, 256, 100, "0.5", 900, 4, 1, 12]
[20, 192, 75, "0.9", 600, 2, 2, 4]
[15, 192, 150, "0.6", 400, 3, 8, -1]
[20, 64, 50, "0.5", 200, 1, 2, 12]
[10, 128, 100, "0.6", 400, 1, 3, 8]
[10, 256, 100, "0.5", 900, 1, 3, 8]
[15, 128, 100, "0.8", 400, 3, 8, 4]
[25, 256, 100, "0.6", 900, 4, 8, 8]
[20, 192, 150, "0.7", 800, 1, 1, 4]
[25, 256, 150, "0.6", 500, 3, 2, 12]
[25, 128, 125, "0.9", 900, 4, 7, 16]
[15, 128, 150, "0.7", 300, 4, 7, 4]
[25, 192, 50, "0.7", 600, 3, 1, 4]
[25, 128, 75, "0.9", 400, 2, 6, 4]
[10, 64, 50, "0.8", 600, 1, 5, 4]
[10, 64, 125, "0.8", 600, 2, 6, 4]
[15, 256, 150, "0.8", 600, 1, 2, -1]
[10, 128, 50, "0.5", 1000, 3, 7, 4]
[20, 256, 100, "0.7", 200, 2, 7, 4]
[20, 256, 50, "0.9", 900, 2, 4, 16]
[20, 256, 100, "0.6", 400, 3, 1, 4]
[25, 256, 125, "0.8", 400, 2, 3, 8]
[5, 256, 50, "0.6", 1000, 1, 4, 12]
[25, 256, 50, "0.9", 1000, 1, 8, 4]
[20, 64, 150, "0.9", 700, 1, 4, -1]
[10, 128, 50, "0.5", 700, 1, 1, 16]
[10, 64, 125, "0.9", 1000, 1, 1, 12]
[15, 256, 150, "0.7", 600, 2, 3, 8]
[10, 192, 75, "0.6", 600, 3, 5, 4]
[5, 128, 100, "0.5", 600, 1, 6, 4]
[5, 128, 125, "0.5", 500, 3, 6, 16]
[20, 128, 50, "0.9", 400, 4, 5, 4]
[10, 256, 125, "0.5", 200, 2, 1, 4]
[15, 128, 100, "0.6", 1000, 4, 4, 4]
[5, 256, 75, "0.7", 300, 1, 4, 4]
[10, 256, 75, "0.9", 800, 1, 6, -1]
[5, 128, 150, "0.9", 200, 4, 8, 16]
[15, 256, 150, "0.9", 800, 3, 7, 8]
[10, 128, 50, "0.9", 800, 1, 7, 8]
[5, 128, 100, "0.6", 500, 3, 8, -1]
[10, 256, 75, "0.9", 300, 2, 8, 12]
[20, 128, 100, "0.9", 300, 1, 2, 4]
[5, 192, 100, "0.7", 200, 1, 4, 16]
[10, 192, 100, "0.7", 600, 3, 7, 12]
[20, 256, 100, "0.9", 900, 1, 3, 8]
[25, 256, 75, "0.6", 600, 1, 6, -1]
[10, 64, 75, "0.6", 600, 2, 1, 12]
[10, 192, 150, "0.8", 500, 4, 1, 16]
[10, 64, 100, "0.9", 700, 3, 1, 16]
[20, 128, 125, "0.8", 500, 3, 5, 8]
[25, 128, 125, "0.7", 600, 1, 3, 12]
[5, 192, 100, "0.8", 400, 4, 6, 16]
[20, 256, 100, "0.7", 600, 3, 3, 16]
[15, 128, 75, "0.7", 800, 2, 3, 4]
[10, 128, 150, "0.5", 800, 2, 1, 8]
[20, 256, 75, "0.5", 800, 4, 1, 8]
[10, 192, 100, "0.9", 600, 3, 5, 16]
[5, 64, 50, "0.5", 600, 3, 7, 4]
[15, 128, 50, "0.6", 800, 2, 4, -1]
[5, 128, 150, "0.9", 200, 1, 2, -1]
[5, 192, 125, "0.5", 300, 3, 5, 8]
[25, 256, 125, "0.6", 800, 1, 6, 8]
[20, 128, 100, "0.5", 500, 3, 6, 4]
[15, 64, 75, "0.9", 300, 3, 1, 8]
[20, 256, 75, "0.9", 900, 3, 8, 16]
[25, 192, 75, "0.7", 900, 3, 4, 8]
[15, 192, 75, "0.8", 800, 1, 2, 4]
[5, 192, 75, "0.7", 700, 2, 3, 4]
[25, 128, 75, "0.5", 900, 1, 5, 12]
[5, 64, 100, "0.8", 300, 1, 8, 4]
[10, 192, 100, "0.7", 700, 1, 4, -1]
[25, 128, 75, "0.6", 600, 1, 4, -1]
[25, 64, 75, "0.5", 200, 4, 4, 8]
[5, 192, 75, "0.9", 1000, 2, 6, 8]
[5, 192, 150, "0.8", 200, 4, 2, 12]
[5, 192, 50, "0.5", 900, 1, 7, 8]
[25, 128, 125, "0.6", 800, 3, 4, 12]
[10, 128, 150, "0.6", 600, 3, 1, -1]
[15, 128, 75, "0.9", 1000, 3, 2, -1]
[10, 64, 125, "0.5", 500, 1, 1, 8]
[25, 64, 100, "0.5", 400, 3, 4, -1]
[10, 128, 50, "0.6", 200, 2, 6, 16]
[25, 128, 100, "0.6", 1000, 2, 6, 4]
[15, 128, 100, "0.7", 200, 2, 7, 12]
[15, 64, 125, "0.7", 1000, 2, 2, -1]
[25, 256, 150, "0.6", 900, 4, 6, -1]
[10, 128, 75, "0.9", 900, 3, 4, 16]
[5, 128, 50, "0.6", 800, 3, 3, -1]
[5, 256, 75, "0.8", 1000, 1, 3, -1]
[15, 64, 75, "0.8", 500, 3, 1, 12]
[5, 64, 150, "0.7", 400, 3, 1, 12]
[5, 64, 100, "0.7", 500, 1, 6, 4]
[20, 192, 100, "0.6", 600, 4, 7, 12]
[5, 64, 100, "0.8", 1000, 4, 6, 12]
[15, 128, 150, "0.8", 500, 2, 3, 16]
[25, 256, 125, "0.9", 300, 3, 1, 8]
[20, 192, 150, "0.9", 700, 2, 4, 8]
[25, 64, 125, "0.7", 700, 1, 5, 4]
[5, 64, 50, "0.7", 500, 3, 4, 16]
[20, 256, 100, "0.5", 300, 2, 8, 8]
[10, 192, 150, "0.5", 300, 3, 6, 8]
[15, 256, 50, "0.6", 300, 2, 7, 8]
[10, 256, 150, "0.8", 600, 3, 2, 4]
[20, 128, 75, "0.8", 700, 3, 1, 16]
[15, 192, 75, "0.5", 600, 4, 5, -1]
[15, 192, 125, "0.7", 500, 2, 2, 4]
[25, 128, 150, "0.8", 900, 4, 3, -1]
[10, 192, 75, "0.8", 700, 4, 1, -1]
[5, 64, 150, "0.6", 800, 1, 1, 4]
[5, 64, 100, "0.5", 900, 2, 4, 4]
[20, 192, 50, "0.6", 500, 1, 7, 16]
[20, 64, 50, "0.9", 400, 4, 2, 8]
[5, 64, 125, "0.8", 300, 2, 7, 8]
[5, 192, 100, "0.8", 700, 3, 7, -1]
[10, 128, 100, "0.7", 700, 2, 4, -1]
[20, 192, 150, "0.5", 300, 1, 5, 8]
[5, 128, 100, "0.7", 800, 3, 3, 4]
[25, 192, 100, "0.9", 700, 4, 7, -1]
[15, 256, 50, "0.8", 300, 1, 1, 16]
[20, 128, 75, "0.8", 200, 4, 6, 8]
[25, 64, 75, "0.6", 200, 1, 2, 12]
[10, 192, 75, "0.9", 1000, 3, 3, 4]
[25, 256, 150, "0.9", 1000, 2, 1, 12]
[20, 192, 75, "0.7", 700, 3, 7, 8]
[5, 128, 50, "0.5", 400, 4, 8, 12]
[20, 192, 125, "0.5", 800, 2, 3, 4]
[20, 128, 150, "0.8", 800, 2, 6, 8]
[15, 192, 125, "0.8", 700, 3, 6, 12]
[5, 192, 100, "0.7", 800, 1, 4, 16]
[20, 256, 125, "0.5", 1000, 2, 6, 12]
[10, 256, 75, "0.8", 500, 3, 7, 8]
[10, 64, 75, "0.8", 400, 2, 2, 8]
[25, 256, 150, "0.5", 600, 3, 1, 8]
[25, 192, 150, "0.7", 1000, 2, 5, 8]
[15, 192, 75, "0.6", 600, 3, 6, 16]
[20, 64, 75, "0.5", 400, 2, 2, 16]
[10, 64, 125, "0.6", 500, 4, 8, -1]
[5, 128, 150, "0.9", 300, 3, 3, 16]
[15, 64, 75, "0.5", 1000, 1, 2, 8]
[5, 256, 75, "0.8", 200, 3, 3, 4]
[20, 192, 125, "0.9", 200, 2, 7, 4]
[20, 256, 150, "0.8", 500, 3, 8, 16]
[25, 64, 125, "0.6", 200, 4, 4, -1]
[15, 64, 50, "0.9", 400, 4, 8, 8]
[10, 256, 100, "0.7", 200, 1, 2, 12]
[15, 128, 100, "0.7", 600, 1, 3, 12]
[10, 64, 75, "0.8", 1000, 3, 2, 16]
[5, 64, 125, "0.8", 600, 2, 8, -1]
[25, 192, 125, "0.6", 900, 3, 8, -1]
[25, 256, 100, "0.6", 500, 1, 4, 8]
[10, 128, 100, "0.6", 800, 3, 2, -1]
[15, 128, 75, "0.9", 200, 1, 2, 8]
[20, 192, 125, "0.7", 200, 2, 2, -1]
[20, 192, 100, "0.8", 400, 3, 7, -1]
[20, 192, 150, "0.6", 1000, 4, 4, 4]
[20, 64, 50, "0.8", 1000, 2, 6, 16]
[5, 128, 100, "0.9", 900, 4, 2, 12]
[15, 256, 125, "0.9", 300, 1, 6, -1]
[5, 256, 50, "0.6", 200, 2, 3, 12]
[15, 64, 50, "0.5", 600, 1, 1, 12]
[20, 64, 50, "0.5", 500, 2, 1, 4]
[25, 128, 50, "0.9", 300, 1, 8, -1]
[10, 64, 150, "0.5", 700, 1, 8, 8]
[5, 128, 125, "0.7", 200, 3, 7, 8]
[20, 64, 150, "0.5", 700, 4, 7, -1]
[10, 128, 75, "0.7", 200, 1, 6, -1]
[20, 192, 50, "0.6", 300, 3, 4, 4]
[5, 256, 100, "0.7", 700, 3, 7, 4]
[10, 64, 100, "0.9", 500, 3, 6, 4]
[20, 128, 100, "0.7", 1000, 3, 7, -1]
[20, 64, 75, "0.8", 700, 3, 3, 12]
[25, 192, 100, "0.9", 300, 1, 6, 4]
[20, 256, 150, "0.9", 800, 4, 2, 16]
[5, 128, 125, "0.7", 500, 4, 7, 12]
[20, 64, 75, "0.8", 800, 2, 4, 8]
[10, 128, 75, "0.9", 1000, 2, 4, 16]
[20, 256, 50, "0.6", 500, 1, 3, -1]
[10, 192, 150, "0.7", 800, 4, 7, 4]
[15, 64, 125, "0.6", 900, 1, 4, 4]
[5, 256, 150, "0.5", 800, 4, 5, 12]
[10, 64, 125, "0.9", 600, 3, 5, 8]
[20, 64, 50, "0.8", 1000, 2, 1, 12]
[25, 192, 75, "0.5", 200, 1, 1, 12]
[15, 128, 50, "0.7", 300, 2, 2, 8]
[15, 256, 75, "0.8", 1000, 3, 2, 12]
[25, 128, 125, "0.7", 1000, 3, 8, 16]
[15, 192, 150, "0.9", 500, 4, 5, 8]
[25, 192, 75, "0.7", 600, 3, 5, 8]
[25, 128, 50, "0.5", 600, 1, 5, 4]
[15, 128, 75, "0.5", 700, 3, 3, 8]
[20, 256, 50, "0.9", 700, 4, 5, 12]
[15, 256, 75, "0.8", 700, 1, 3, 16]
[5, 192, 150, "0.7", 600, 1, 6, -1]
[5, 256, 75, "0.9", 500, 2, 7, 12]
[25, 64, 125, "0.6", 600, 1, 6, -1]
[25, 192, 150, "0.5", 500, 4, 4, -1]
[5, 192, 125, "0.6", 600, 3, 3, -1]
[20, 192, 150, "0.6", 600, 1, 1, 16]
[20, 128, 100, "0.8", 300, 1, 5, -1]
[15, 128, 100, "0.6", 600, 2, 3, 4]
[10, 128, 125, "0.7", 300, 4, 4, -1]
[5, 192, 150, "0.5", 500, 4, 5, -1]
[25, 192, 150, "0.5", 800, 3, 6, 12]
[20, 192, 100, "0.5", 400, 3, 4, 8]
[25, 128, 100, "0.8", 400, 4, 7, 16]
[5, 128, 75, "0.6", 600, 3, 8, -1]
[25, 256, 75, "0.6", 1000, 1, 2, 4]
[20, 256, 75, "0.5", 900, 3, 6, 8]
[25, 192, 75, "0.8", 200, 4, 6, 4]
[20, 192, 150, "0.6", 1000, 2, 5, 8]
[20, 128, 50, "0.5", 1000, 3, 3, -1]
[15, 256, 75, "0.8", 700, 1, 7, 12]
[10, 192, 50, "0.7", 900, 1, 5, -1]
[15, 256, 75, "0.8", 700, 4, 7, 8]
[5, 64, 150, "0.7", 1000, 3, 2, 4]
[20, 256, 125, "0.5", 600, 2, 6, 8]
[20, 64, 150, "0.5", 200, 1, 3, 12]
[10, 256, 150, "0.5", 500, 4, 4, 4]
[15, 128, 125, "0.7", 800, 1, 8, 12]
[5, 256, 100, "0.9", 900, 3, 4, 4]
[15, 192, 100, "0.8", 800, 3, 5, 4]
[10, 256, 50, "0.9", 600, 3, 4, 16]
[25, 64, 150, "0.6", 400, 3, 8, 16]
[20, 256, 150, "0.7", 500, 3, 5, -1]
[20, 192, 50, "0.6", 500, 1, 5, -1]
[25, 192, 150, "0.8", 600, 3, 3, 8]
[5, 64, 50, "0.5", 900, 4, 6, 16]
[25, 256, 150, "0.8", 300, 4, 8, 4]
[25, 64, 125, "0.7", 1000, 3, 1, 16]
[25, 256, 75, "0.7", 300, 2, 6, 8]
[5, 256, 50, "0.5", 400, 1, 3, 16]
[25, 128, 125, "0.6", 300, 1, 5, 8]
[15, 128, 150, "0.7", 400, 1, 8, -1]
[25, 256, 125, "0.5", 600, 2, 4, 4]
[20, 256, 75, "0.6", 700, 1, 5, 8]
[15, 128, 75, "0.7", 900, 4, 8, 12]
[20, 128, 100, "0.9", 600, 2, 8, 12]
[5, 192, 100, "0.5", 300, 3, 4, 4]
[5, 64, 125, "0.5", 300, 2, 2, 8]
[5, 128, 50, "0.9", 500, 3, 8, 8]
[10, 64, 75, "0.5", 200, 3, 4, 8]
[15, 256, 100, "0.5", 600, 1, 7, 4]
[25, 192, 100, "0.7", 900, 3, 7, 16]
[25, 192, 50, "0.6", 300, 1, 8, 16]
[15, 256, 100, "0.5", 400, 2, 3, 8]
[5, 128, 50, "0.9", 900, 4, 8, 12]
[15, 128, 100, "0.9", 1000, 3, 4, 12]
[20, 128, 50, "0.9", 500, 4, 5, 8]
[10, 192, 75, "0.5", 600, 1, 7, 4]
[5, 128, 100, "0.9", 600, 3, 6, 8]
[20, 256, 150, "0.8", 300, 3, 4, 16]
[20, 192, 125, "0.6", 800, 4, 2, 16]
[20, 192, 150, "0.9", 1000, 1, 5, 4]
[20, 64, 100, "0.8", 300, 3, 3, 12]
[5, 128, 100, "0.8", 800, 1, 2, -1]
[25, 64, 150, "0.5", 600, 2, 1, 16]
[25, 256, 150, "0.9", 900, 2, 4, 16]
[10, 128, 50, "0.9", 600, 3, 5, 4]
[5, 128, 75, "0.5", 300, 2, 8, -1]
[10, 192, 150, "0.8", 600, 1, 5, 4]
[15, 64, 100, "0.6", 700, 4, 3, 8]
[20, 64, 100, "0.5", 600, 1, 8, -1]
[15, 64, 50, "0.9", 300, 2, 8, 16]
[25, 192, 125, "0.5", 500, 1, 8, 16]
[10, 128, 75, "0.7", 300, 3, 8, -1]
[20, 128, 150, "0.6", 1000, 2, 3, 4]
[20, 128, 75, "0.9", 500, 1, 4, -1]
[5, 128, 150, "0.6", 400, 4, 3, 12]
[20, 64, 100, "0.6", 300, 2, 6, 16]
[10, 64, 50, "0.9", 400, 2, 7, 8]
[15, 192, 50, "0.7", 300, 4, 6, 16]
[25, 256, 150, "0.7", 900, 2, 3, 8]
[20, 192, 100, "0.6", 800, 3, 6, 4]
[20, 64, 75, "0.8", 800, 4, 7, 8]
[25, 192, 75, "0.6", 200, 4, 7, 8]
[10, 64, 150, "0.9", 800, 1, 4, 4]
[20, 192, 50, "0.5", 800, 4, 2, 8]
[15, 64, 75, "0.6", 1000, 2, 3, 4]
[25, 192, 100, "0.5", 1000, 1, 1, 4]
[25, 192, 150, "0.8", 800, 1, 7, 12]
[15, 64, 150, "0.7", 400, 2, 6, 16]
[20, 192, 100, "0.6", 600, 3, 1, 12]
[25, 128, 75, "0.9", 800, 3, 5, 4]
[20, 128, 75, "0.8", 400, 2, 1, 16]
[15, 192, 150, "0.6", 1000, 4, 4, 16]
[25, 128, 50, "0.6", 400, 2, 5, 4]
[10, 192, 150, "0.7", 500, 4, 6, -1]
[5, 256, 75, "0.7", 800, 4, 8, 16]
[5, 64, 150, "0.8", 600, 2, 7, 4]
[25, 256, 100, "0.7", 800, 4, 1, 16]
[25, 128, 100, "0.7", 200, 3, 8, -1]
[20, 192, 75, "0.8", 700, 2, 1, 16]
[25, 128, 75, "0.8", 800, 2, 2, 8]
[10, 64, 125, "0.9", 600, 2, 2, -1]
[25, 64, 125, "0.5", 400, 3, 2, 16]
[5, 192, 50, "0.7", 400, 3, 4, 12]
[15, 128, 150, "0.7", 500, 1, 2, -1]
[10, 192, 50, "0.9", 200, 1, 6, -1]
[10, 192, 100, "0.5", 900, 3, 3, 16]
[15, 64, 150, "0.6", 500, 1, 1, 12]
[10, 192, 50, "0.8", 800, 1, 1, -1]
[15, 192, 125, "0.7", 300, 4, 2, 16]
[5, 256, 75, "0.5", 800, 4, 3, 4]
[15, 256, 50, "0.8", 300, 3, 8, 4]
[15, 64, 50, "0.8", 900, 2, 3, 8]
[10, 192, 125, "0.8", 1000, 4, 6, -1]
[5, 192, 125, "0.8", 800, 3, 1, 4]
[15, 128, 125, "0.9", 800, 4, 5, 12]
[15, 128, 100, "0.5", 200, 1, 3, 16]
[10, 64, 50, "0.6", 300, 2, 7, 16]
[20, 64, 50, "0.9", 900, 3, 1, 16]
[20, 128, 150, "0.8", 700, 2, 1, 4]
[5, 192, 125, "0.7", 900, 4, 3, 8]
[15, 128, 75, "0.9", 800, 1, 3, 16]
[10, 64, 100, "0.6", 700, 3, 4, 12]
[25, 256, 100, "0.6", 200, 4, 2, -1]
[5, 256, 100, "0.9", 800, 1, 5, 12]
[25, 64, 150, "0.7", 700, 4, 7, 8]
[5, 256, 75, "0.8", 700, 4, 5, -1]
[10, 192, 150, "0.8", 1000, 4, 4, 8]
[5, 128, 125, "0.6", 800, 3, 2, 16]
[5, 128, 125, "0.5", 900, 2, 8, -1]
[20, 64, 100, "0.8", 600, 4, 5, 4]
[20, 256, 75, "0.7", 1000, 2, 3, 8]
[20, 64, 100, "0.6", 1000, 2, 4, 12]
[5, 256, 75, "0.5", 400, 4, 5, 8]
[25, 256, 125, "0.7", 500, 1, 7, 4]
[10, 256, 75, "0.6", 300, 2, 3, -1]
[15, 128, 125, "0.9", 500, 4, 5, 4]
[5, 64, 150, "0.7", 600, 2, 3, 12]
[25, 192, 50, "0.9", 400, 3, 1, -1]
[5, 192, 150, "0.7", 800, 4, 1, 4]
[25, 64, 50, "0.6", 600, 4, 3, 8]
[25, 64, 125, "0.6", 300, 3, 2, -1]
[10, 64, 150, "0.5", 200, 4, 5, -1]
[10, 192, 50, "0.8", 800, 3, 2, 16]
[10, 192, 150, "0.7", 200, 2, 2, 4]
[15, 64, 150, "0.5", 800, 4, 6, 16]
[20, 128, 50, "0.6", 200, 1, 7, 16]
[15, 128, 75, "0.9", 300, 4, 5, 8]
[10, 64, 150, "0.6", 400, 4, 4, -1]
[10, 192, 75, "0.9", 500, 1, 7, 16]
[25, 256, 100, "0.7", 1000, 3, 2, 12]
[10, 192, 150, "0.8", 700, 2, 2, -1]
[20, 128, 50, "0.9", 1000, 3, 7, 16]
[10, 64, 50, "0.9", 400, 4, 6, 12]
[20, 128, 150, "0.7", 300, 4, 4, 8]
[10, 256, 75, "0.8", 200, 3, 4, 4]
[15, 128, 125, "0.7", 700, 2, 6, 16]
[20, 256, 75, "0.5", 1000, 4, 1, -1]
[20, 256, 100, "0.5", 300, 3, 8, 4]
[20, 128, 150, "0.9", 900, 4, 3, 8]
[25, 128, 100, "0.7", 300, 3, 4, 12]
[25, 192, 125, "0.6", 800, 3, 1, 12]
[15, 256, 125, "0.9", 800, 4, 5, -1]
[10, 192, 125, "0.5", 200, 4, 3, 16]
[25, 128, 125, "0.9", 800, 1, 7, 16]
[15, 128, 125, "0.8", 400, 1, 2, 8]
[10, 192, 100, "0.5", 600, 1, 4, -1]
[10, 64, 50, "0.6", 400, 2, 6, 4]
[10, 128, 100, "0.9", 300, 2, 4, 12]
[5, 64, 75, "0.6", 900, 1, 2, 16]
[5, 64, 150, "0.5", 600, 4, 2, 16]
[5, 256, 50, "0.6", 500, 1, 3, 12]
[10, 192, 125, "0.5", 400, 3, 4, -1]
[10, 256, 75, "0.8", 200, 4, 7, 16]
[25, 64, 150, "0.7", 1000, 2, 7, 8]
[15, 128, 150, "0.7", 400, 1, 5, 4]
[15, 64, 50, "0.6", 300, 2, 5, 4]
[25, 128, 125, "0.7", 1000, 4, 1, -1]
[5, 64, 75, "0.5", 700, 3, 1, 8]
[5, 64, 75, "0.7", 600, 4, 2, -1]
[10, 256, 150, "0.6", 300, 4, 3, 16]
[15, 192, 125, "0.5", 500, 3, 1, 12]
[20, 128, 50, "0.6", 400, 4, 8, 4]
[15, 256, 100, "0.6", 200, 1, 8, 8]
[10, 64, 125, "0.8", 700, 1, 2, 12]
[5, 192, 150, "0.6", 900, 2, 4, 4]
[25, 64, 100, "0.8", 200, 4, 1, -1]
[5, 192, 75, "0.7", 1000, 1, 6, 4]
[10, 64, 100, "0.6", 300, 2, 8, -1]
[5, 64, 150, "0.7", 800, 3, 7, -1]
[25, 192, 150, "0.5", 1000, 1, 6, 8]
[5, 256, 75, "0.6", 900, 2, 4, 8]
[5, 256, 125, "0.7", 700, 4, 3, 8]
[10, 192, 100, "0.5", 200, 3, 2, 8]
[25, 128, 75, "0.8", 500, 1, 8, 16]
[15, 128, 100, "0.9", 800, 4, 7, 4]
[20, 128, 50, "0.5", 1000, 3, 5, -1]
[25, 192, 100, "0.5", 700, 3, 1, 16]
[25, 256, 50, "0.8", 200, 1, 6, 16]
[25, 256, 125, "0.5", 800, 1, 2, 8]
[15, 256, 125, "0.9", 300, 2, 8, 12]
[10, 64, 50, "0.7", 400, 4, 3, 16]
[5, 64, 150, "0.9", 300, 4, 3, 8]
[5, 256, 125, "0.6", 600, 3, 7, -1]
[20, 192, 150, "0.6", 800, 3, 8, 16]
[20, 64, 100, "0.6", 700, 3, 2, 8]
[25, 128, 75, "0.5", 900, 1, 3, 16]
[10, 64, 50, "0.7", 400, 4, 8, -1]
[20, 64, 125, "0.6", 1000, 1, 7, 16]
[25, 256, 150, "0.8", 600, 4, 6, 12]
[15, 256, 125, "0.8", 800, 2, 8, -1]
[10, 64, 75, "0.9", 300, 2, 2, 16]
[25, 256, 50, "0.9", 700, 3, 1, 4]
[15, 192, 150, "0.9", 700, 1, 3, -1]
[5, 64, 150, "0.6", 400, 2, 8, 12]
[5, 192, 50, "0.8", 600, 3, 3, -1]
[10, 128, 125, "0.5", 200, 1, 1, 12]
[10, 256, 150, "0.9", 600, 1, 5, 16]
[20, 128, 150, "0.6", 300, 3, 5, -1]
[20, 192, 100, "0.7", 400, 3, 4, 16]
[25, 192, 50, "0.8", 900, 1, 7, 4]
[15, 128, 50, "0.5", 200, 2, 2, 16]
[15, 64, 125, "0.9", 200, 3, 7, 16]
[10, 256, 100, "0.5", 700, 4, 1, -1]
[5, 128, 50, "0.5", 1000, 1, 4, 12]
[15, 128, 150, "0.9", 200, 4, 4, 12]
[10, 128, 75, "0.8", 400, 2, 1, 12]
[20, 192, 100, "0.5", 900, 3, 3, -1]
[5, 256, 100, "0.7", 600, 2, 2, 12]
[15, 128, 150, "0.7", 800, 2, 4, -1]
[25, 256, 150, "0.6", 800, 4, 5, 12]
[15, 256, 75, "0.9", 1000, 1, 1, 4]
[5, 192, 75, "0.9", 400, 2, 5, -1]
[10, 256, 50, "0.6", 600, 3, 6, 16]
[15, 192, 150, "0.9", 400, 2, 5, 8]
[25, 192, 150, "0.8", 900, 1, 6, 8]
[25, 192, 75, "0.9", 300, 3, 8, -1]
[20, 128, 150, "0.5", 600, 2, 2, -1]
[5, 192, 150, "0.9", 400, 4, 5, 8]
[20, 128, 75, "0.8", 1000, 2, 1, -1]
[15, 256, 150, "0.8", 1000, 2, 4, 4]
[15, 128, 50, "0.9", 400, 3, 1, 12]
[10, 256, 150, "0.7", 400, 3, 7, 16]
[5, 192, 125, "0.8", 1000, 4, 5, 16]
[15, 256, 75, "0.6", 300, 1, 8, -1]
[15, 128, 50, "0.8", 300, 1, 5, 12]
[10, 128, 50, "0.8", 800, 1, 5, 8]
[5, 128, 75, "0.6", 300, 4, 5, 4]
[5, 64, 125, "0.6", 1000, 4, 7, -1]
[10, 192, 150, "0.7", 200, 1, 6, 16]
[15, 192, 150, "0.9", 500, 4, 4, 4]
[25, 64, 50, "0.5", 1000, 4, 1, 4]
[10, 64, 150, "0.6", 400, 3, 1, 16]
[5, 256, 100, "0.9", 900, 3, 5, 16]
[5, 64, 125, "0.8", 800, 2, 4, 4]
[20, 192, 75, "0.8", 400, 1, 2, 4]
[15, 128, 100, "0.7", 200, 1, 7, 8]
[10, 256, 150, "0.9", 400, 1, 4, 8]
[5, 64, 125, "0.6", 800, 2, 5, 12]
[10, 64, 150, "0.6", 800, 4, 5, 4]
[20, 64, 100, "0.5", 900, 3, 3, 8]
[10, 128, 50, "0.9", 900, 1, 7, -1]
[5, 256, 150, "0.7", 600, 2, 6, -1]
[15, 64, 50, "0.5", 800, 1, 6, 4]
[25, 192, 150, "0.9", 1000, 3, 8, 4]
[15, 128, 125, "0.9", 600, 1, 3, -1]
[10, 192, 150, "0.8", 800, 3, 8, 12]
[10, 192, 50, "0.8", 800, 2, 3, 8]
[10, 128, 50, "0.6", 200, 4, 8, -1]
[20, 192, 100, "0.9", 300, 3, 8, 8]
[5, 64, 75, "0.7", 800, 1, 7, 12]
[5, 64, 50, "0.6", 900, 3, 4, 8]
[10, 128, 50, "0.8", 600, 2, 8, -1]
[5, 192, 125, "0.7", 300, 4, 1, 16]
[15, 128, 125, "0.9", 200, 2, 3, 8]
[15, 192, 75, "0.9", 1000, 3, 7, 12]
[5, 192, 150, "0.6", 900, 3, 8, 8]
[10, 192, 150, "0.9", 600, 3, 1, 8]
[25, 128, 50, "0.9", 700, 4, 6, 16]
[25, 64, 50, "0.7", 400, 3, 4, 8]
[15, 192, 75, "0.8", 200, 2, 8, -1]
[5, 192, 100, "0.6", 1000, 4, 5, 4]
[15, 128, 50, "0.7", 600, 2, 2, 16]
[20, 128, 75, "0.5", 800, 4, 5, 8]
[15, 64, 50, "0.9", 800, 2, 6, 12]
[15, 256, 50, "0.9", 700, 2, 7, 8]
[25, 192, 125, "0.5", 300, 1, 6, 16]
[20, 128, 50, "0.7", 200, 1, 3, 8]
[15, 64, 50, "0.7", 700, 2, 1, 12]
[5, 128, 150, "0.7", 400, 3, 7, 8]
[20, 64, 100, "0.8", 400, 1, 5, 8]
[25, 192, 50, "0.6", 300, 2, 6, -1]
[20, 64, 100, "0.8", 800, 2, 8, 8]
[5, 256, 75, "0.6", 300, 2, 3, 16]
[5, 128, 50, "0.8", 200, 1, 7, 16]
[15, 64, 150, "0.6", 300, 1, 6, 12]
[25, 192, 125, "0.8", 500, 4, 6, 4]
[20, 64, 125, "0.6", 900, 4, 5, 16]
[5, 128, 50, "0.9", 200, 3, 1, 4]
[15, 256, 100, "0.7", 700, 2, 1, 12]
[25, 128, 50, "0.7", 1000, 1, 4, -1]
[20, 64, 150, "0.9", 1000, 3, 2, 12]
[25, 256, 75, "0.6", 200, 1, 5, 4]
[5, 256, 100, "0.5", 400, 3, 6, 16]
[15, 128, 125, "0.8", 700, 4, 7, 12]
[10, 192, 100, "0.9", 600, 2, 3, 12]
[20, 128, 100, "0.8", 600, 4, 6, 4]
[10, 192, 125, "0.9", 900, 2, 1, -1]
[25, 192, 50, "0.5", 200, 4, 7, 8]
[15, 256, 125, "0.7", 200, 1, 5, -1]
[10, 256, 150, "0.7", 900, 1, 2, 4]
[20, 128, 125, "0.5", 900, 1, 7, -1]
[10, 256, 150, "0.5", 800, 1, 5, 4]
[20, 192, 125, "0.8", 600, 4, 2, 12]
[10, 64, 100, "0.8", 900, 1, 2, 4]
[5, 256, 150, "0.7", 200, 3, 8, 8]
[20, 64, 75, "0.8", 700, 4, 3, 4]
[15, 256, 75, "0.5", 500, 3, 3, 16]
[5, 256, 50, "0.5", 900, 3, 7, -1]
[15, 128, 75, "0.6", 1000, 1, 2, 8]
[5, 256, 125, "0.7", 400, 4, 5, 12]
[5, 128, 75, "0.5", 900, 1, 4, -1]
[5, 192, 75, "0.8", 300, 4, 4, -1]
[15, 128, 50, "0.6", 1000, 1, 8, 8]
[25, 64, 75, "0.5", 600, 4, 2, 12]
[10, 64, 125, "0.6", 1000, 3, 1, -1]
[15, 192, 100, "0.6", 300, 2, 4, 4]
[25, 128, 100, "0.9", 500, 2, 8, 4]
[15, 192, 150, "0.7", 400, 2, 7, -1]
[15, 64, 150, "0.9", 500, 4, 2, 4]
[15, 64, 100, "0.5", 800, 1, 8, 8]
[20, 256, 75, "0.8", 500, 2, 1, 12]
[20, 128, 50, "0.5", 500, 2, 8, 12]
[25, 256, 50, "0.6", 800, 2, 4, 8]
[15, 192, 50, "0.5", 1000, 3, 2, 8]
[10, 256, 75, "0.9", 600, 3, 3, 16]
[10, 64, 50, "0.9", 600, 4, 7, 8]
[20, 192, 150, "0.7", 500, 1, 8, 4]
[20, 192, 75, "0.5", 400, 3, 4, -1]
[25, 192, 75, "0.7", 400, 1, 2, 12]
[20, 256, 150, "0.6", 800, 3, 2, 16]
[10, 192, 100, "0.9", 600, 2, 2, 16]
[20, 64, 150, "0.8", 800, 1, 8, 4]
[15, 64, 75, "0.7", 300, 2, 6, 16]
[10, 192, 50, "0.7", 1000, 2, 3, 4]
[25, 128, 75, "0.5", 200, 4, 2, 12]
[15, 256, 125, "0.7", 700, 1, 8, 4]
[5, 256, 50, "0.7", 400, 2, 4, 12]
[20, 128, 125, "0.5", 500, 4, 5, 4]
[5, 64, 150, "0.6", 900, 2, 2, -1]
[5, 128, 50, "0.7", 600, 4, 8, 16]
[5, 128, 125, "0.5", 700, 1, 6, 8]
[10, 256, 150, "0.8", 500, 3, 8, -1]
[10, 128, 75, "0.7", 1000, 3, 5, 16]
[25, 128, 125, "0.6", 300, 2, 7, 4]
[10, 128, 50, "0.5", 300, 1, 6, 4]
[20, 192, 125, "0.9", 700, 2, 8, 4]
[15, 64, 75, "0.5", 300, 2, 1, 8]
[15, 256, 150, "0.6", 900, 4, 3, 8]
[25, 128, 150, "0.9", 300, 3, 8, -1]
[10, 128, 75, "0.7", 700, 2, 3, 16]
[15, 256, 75, "0.7", 300, 2, 7, 4]
[25, 192, 50, "0.5", 800, 4, 4, 8]
[25, 192, 100, "0.8", 500, 4, 5, 12]
[15, 128, 75, "0.7", 400, 1, 1, 4]
